('<4s2B4HL2L2H', 'PK\x03\x04', 20, 0, 0, 8, 13990, 18095, 1752653215, 8186, 13330, 14, 0) 'screenshot.png' ''
('<4s2B4HL2L2H', 'PK\x03\x04', 20, 0, 0, 8, 13990, 18095, 0, 2, 0, 10, 0) 'extra_info' ''
('<4s2B4HL2L2H', 'PK\x03\x04', 20, 0, 0, 8, 13990, 18095, 226717478, 20, 18, 4, 0) 'json' ''
('<4s2B4HL2L2H', 'PK\x03\x04', 20, 0, 0, 8, 13990, 18095, 3627608187, 19, 17, 13, 0) 'renpy_version' ''
('<4s2B4HL2L2H', 'PK\x03\x04', 20, 0, 0, 8, 13990, 18095, 631228030, 33699, 158866, 3, 0) 'log' ''
('<4s2B4HL2L2H', 'PK\x03\x04', 20, 0, 0, 8, 14025, 18095, 446422387, 5245, 13330, 14, 0) 'screenshot.png' ''
('<4s2B4HL2L2H', 'PK\x03\x04', 20, 0, 0, 8, 14025, 18095, 0, 2, 0, 10, 0) 'extra_info' ''
('<4s2B4HL2L2H', 'PK\x03\x04', 20, 0, 0, 8, 14025, 18095, 226717478, 20, 18, 4, 0) 'json' ''
('<4s2B4HL2L2H', 'PK\x03\x04', 20, 0, 0, 8, 14025, 18095, 3627608187, 19, 17, 13, 0) 'renpy_version' ''
('<4s2B4HL2L2H', 'PK\x03\x04', 20, 0, 0, 8, 14025, 18095, 3150325633, 37945, 171830, 3, 0) 'log' ''
('<4s2B4HL2L2H', 'PK\x03\x04', 20, 0, 0, 8, 14148, 18095, 3998907100, 8237, 13330, 14, 0) 'screenshot.png' ''
('<4s2B4HL2L2H', 'PK\x03\x04', 20, 0, 0, 8, 14148, 18095, 0, 2, 0, 10, 0) 'extra_info' ''
('<4s2B4HL2L2H', 'PK\x03\x04', 20, 0, 0, 8, 14148, 18095, 226717478, 20, 18, 4, 0) 'json' ''
('<4s2B4HL2L2H', 'PK\x03\x04', 20, 0, 0, 8, 14148, 18095, 3627608187, 19, 17, 13, 0) 'renpy_version' ''
('<4s2B4HL2L2H', 'PK\x03\x04', 20, 0, 0, 8, 14149, 18095, 3296358575, 33735, 158888, 3, 0) 'log' ''
('<4s2B4HL2L2H', 'PK\x03\x04', 20, 0, 0, 8, 14402, 18095, 4158574435, 4917, 13330, 14, 0) 'screenshot.png' ''
('<4s2B4HL2L2H', 'PK\x03\x04', 20, 0, 0, 8, 14402, 18095, 0, 2, 0, 10, 0) 'extra_info' ''
('<4s2B4HL2L2H', 'PK\x03\x04', 20, 0, 0, 8, 14403, 18095, 226717478, 20, 18, 4, 0) 'json' ''
('<4s2B4HL2L2H', 'PK\x03\x04', 20, 0, 0, 8, 14403, 18095, 3627608187, 19, 17, 13, 0) 'renpy_version' ''
('<4s2B4HL2L2H', 'PK\x03\x04', 20, 0, 0, 8, 14403, 18095, 2301992465, 38203, 171922, 3, 0) 'log' ''
('<4s2B4HL2L2H', 'PK\x03\x04', 20, 0, 0, 8, 14503, 18095, 2173974465, 8223, 13330, 14, 0) 'screenshot.png' ''
('<4s2B4HL2L2H', 'PK\x03\x04', 20, 0, 0, 8, 14503, 18095, 0, 2, 0, 10, 0) 'extra_info' ''
('<4s2B4HL2L2H', 'PK\x03\x04', 20, 0, 0, 8, 14503, 18095, 226717478, 20, 18, 4, 0) 'json' ''
('<4s2B4HL2L2H', 'PK\x03\x04', 20, 0, 0, 8, 14503, 18095, 3627608187, 19, 17, 13, 0) 'renpy_version' ''
('<4s2B4HL2L2H', 'PK\x03\x04', 20, 0, 0, 8, 14503, 18095, 3769156358, 33545, 157988, 3, 0) 'log' ''
('<4s2B4HL2L2H', 'PK\x03\x04', 20, 0, 0, 8, 14514, 18095, 310344057, 5094, 13330, 14, 0) 'screenshot.png' ''
('<4s2B4HL2L2H', 'PK\x03\x04', 20, 0, 0, 8, 14514, 18095, 0, 2, 0, 10, 0) 'extra_info' ''
('<4s2B4HL2L2H', 'PK\x03\x04', 20, 0, 0, 8, 14514, 18095, 226717478, 20, 18, 4, 0) 'json' ''
('<4s2B4HL2L2H', 'PK\x03\x04', 20, 0, 0, 8, 14514, 18095, 3627608187, 19, 17, 13, 0) 'renpy_version' ''
('<4s2B4HL2L2H', 'PK\x03\x04', 20, 0, 0, 8, 14514, 18095, 759204396, 32628, 147009, 3, 0) 'log' ''
